
Prim: 0.8079137802124023
Kruskal: 0.35620617866516113
Kruskal naive: 12.449593544006348