
Prim: 0.36634206771850586
Kruskal: 0.13001561164855957
Kruskal naive: 2.9055426120758057