
Prim: 0.0030755996704101562
Kruskal: 0.002208232879638672
Kruskal naive: 0.003920316696166992