
Prim: 0.06024336814880371
Kruskal: 0.0198214054107666
Kruskal naive: 0.15274858474731445