
Prim: 0.000606536865234375
Kruskal: 0.0006422996520996094
Kruskal naive: 0.0010242462158203125