
Prim: 0.002922534942626953
Kruskal: 0.002216339111328125
Kruskal naive: 0.004229068756103516