
Prim: 0.0015633106231689453
Kruskal: 0.0008378028869628906
Kruskal naive: 0.0010726451873779297