
Prim: 5.830994606018066
Kruskal: 3.8977298736572266
Kruskal naive: 343.45029401779175