
Prim: 0.8850376605987549
Kruskal: 0.37354278564453125
Kruskal naive: 19.089804887771606