
Prim: 0.00022864341735839844
Kruskal: 0.00017452239990234375
Kruskal naive: 0.00031495094299316406