
Prim: 0.06009030342102051
Kruskal: 0.02072429656982422
Kruskal naive: 0.1313786506652832