
Prim: 0.1244959831237793
Kruskal: 0.09082341194152832
Kruskal naive: 0.7153966426849365