
Prim: 11.883698225021362
Kruskal: 6.605124235153198
Kruskal naive: 1921.5244402885437