
Prim: 0.0005507469177246094
Kruskal: 0.0005919933319091797
Kruskal naive: 0.0008313655853271484