
Prim: 0.0034444332122802734
Kruskal: 0.0019745826721191406
Kruskal naive: 0.003224611282348633