
Prim: 0.3370940685272217
Kruskal: 0.13023829460144043
Kruskal naive: 2.959420680999756