
Prim: 0.00035452842712402344
Kruskal: 0.0005853176116943359
Kruskal naive: 0.0004210472106933594