
Prim: 0.0017998218536376953
Kruskal: 0.0015933513641357422
Kruskal naive: 0.0029296875