
Prim: 0.00026798248291015625
Kruskal: 0.0002110004425048828
Kruskal naive: 0.0003681182861328125