
Prim: 0.00030350685119628906
Kruskal: 0.0002541542053222656
Kruskal naive: 0.0003745555877685547