
Prim: 8.82485842704773
Kruskal: 4.554214239120483
Kruskal naive: 1228.143635749817