
Prim: 0.002843618392944336
Kruskal: 0.003040790557861328
Kruskal naive: 0.0023927688598632812