
Prim: 0.022651195526123047
Kruskal: 0.011281490325927734
Kruskal naive: 0.03271484375