
Prim: 0.8483424186706543
Kruskal: 0.4232909679412842
Kruskal naive: 19.19580841064453