
Prim: 12.113432884216309
Kruskal: 4.694382190704346
Kruskal naive: 1219.2275693416595