
Prim: 0.0008199214935302734
Kruskal: 0.0008299350738525391
Kruskal naive: 0.000949859619140625