
Prim: 0.05632138252258301
Kruskal: 0.03927302360534668
Kruskal naive: 0.17461776733398438