
Prim: 0.8709375858306885
Kruskal: 0.2839035987854004
Kruskal naive: 12.650624990463257