
Prim: 0.003756284713745117
Kruskal: 0.0038797855377197266