
Prim: 0.00035452842712402344
Kruskal: 0.0005853176116943359