
Prim: 0.0023818016052246094
Kruskal: 0.003347635269165039