
Prim: 0.0008664131164550781
Kruskal: 0.0008347034454345703
Kruskal naive: 0.000965118408203125