
Prim: 5.711633682250977
Kruskal: 4.80603551864624
Kruskal naive: 308.4599769115448