
Prim: 0.00030350685119628906
Kruskal: 0.0002541542053222656