
Prim: 0.8368241786956787
Kruskal: 0.5386180877685547