
Prim: 5.711633682250977
Kruskal: 4.80603551864624