
Prim: 0.3679828643798828
Kruskal: 0.22719287872314453