
Prim: 0.3797588348388672
Kruskal: 0.12621068954467773