
Prim: 0.05079317092895508
Kruskal: 0.03187394142150879