
Prim: 0.8079137802124023
Kruskal: 0.35620617866516113