
Prim: 0.015051603317260742
Kruskal: 0.009363651275634766