
Prim: 0.00026798248291015625
Kruskal: 0.0002110004425048828