
Prim: 5.47230339050293
Kruskal: 3.6661593914031982
Kruskal naive: 9152.945058584213