
Prim: 0.0543675422668457
Kruskal: 0.04173564910888672