
Prim: 0.27112269401550293
Kruskal: 0.22780251502990723