
Prim: 0.12590980529785156
Kruskal: 0.1150658130645752