
Prim: 0.005124568939208984
Kruskal: 0.005675554275512695