
Prim: 0.0019850730895996094
Kruskal: 0.0013833045959472656