
Prim: 11.15227484703064
Kruskal: 6.406684160232544