
Prim: 0.8778634071350098
Kruskal: 0.45204973220825195