
Prim: 0.023341894149780273
Kruskal: 0.013329744338989258