
Prim: 1.3291959762573242
Kruskal: 0.6617858409881592