
Prim: 0.0007109642028808594
Kruskal: 0.0004353523254394531
Kruskal naive: 0.0008592605590820312