
Prim: 9.253453254699707
Kruskal: 7.696893692016602