
Prim: 0.02734827995300293
Kruskal: 0.009060859680175781
Kruskal naive: 0.031572818756103516