
Prim: 0.002843618392944336
Kruskal: 0.003040790557861328