
Prim: 0.03190326690673828
Kruskal: 0.01721787452697754