
Prim: 0.05295729637145996
Kruskal: 0.031410932540893555