
Prim: 1.949026107788086
Kruskal: 1.6609759330749512