
Prim: 0.06116604804992676
Kruskal: 0.019830703735351562