
Prim: 6.146511793136597
Kruskal: 3.8850674629211426