
Prim: 2.6739208698272705
Kruskal: 0.9058589935302734