
Prim: 11.666497707366943
Kruskal: 10.080698251724243