
Prim: 10.954828262329102
Kruskal: 5.054121017456055
Kruskal naive: 1266.378571510315