
Prim: 0.36634206771850586
Kruskal: 0.13001561164855957