
Prim: 11.614170551300049
Kruskal: 11.08089303970337