
Prim: 0.0012960433959960938
Kruskal: 0.0009751319885253906