
Prim: 0.00031828880310058594
Kruskal: 0.0010335445404052734
Kruskal naive: 0.0010421276092529297