
Prim: 0.013812541961669922
Kruskal: 0.0043239593505859375
Kruskal naive: 0.011957883834838867