
Prim: 0.8483424186706543
Kruskal: 0.4232909679412842