
Prim: 0.8097655773162842
Kruskal: 0.27772951126098633