
Prim: 0.05788302421569824
Kruskal: 0.037995338439941406