
Prim: 10.380934715270996
Kruskal: 4.738836288452148