
Prim: 0.0007495880126953125
Kruskal: 0.0009808540344238281
Kruskal naive: 0.004537820816040039