
Prim: 0.013323307037353516
Kruskal: 0.004470348358154297