
Prim: 0.044129371643066406
Kruskal: 0.04272580146789551
Kruskal naive: 0.12206673622131348