
Prim: 0.009139537811279297
Kruskal: 0.007134437561035156