
Prim: 1.8711981773376465
Kruskal: 0.9156920909881592