
Prim: 0.8709375858306885
Kruskal: 0.2839035987854004