
Prim: 0.0007386207580566406
Kruskal: 0.0011608600616455078