
Prim: 0.0017218589782714844
Kruskal: 0.0026731491088867188