
Prim: 0.9178664684295654
Kruskal: 0.5883634090423584