
Prim: 0.0007109642028808594
Kruskal: 0.0004353523254394531