
Prim: 9.135555028915405
Kruskal: 8.024189949035645