
Prim: 0.006169795989990234
Kruskal: 0.0044400691986083984
Kruskal naive: 0.01031494140625