
Prim: 5.903058290481567
Kruskal: 4.341595649719238