
Prim: 0.000606536865234375
Kruskal: 0.0006422996520996094