
Prim: 0.0022776126861572266
Kruskal: 0.0018246173858642578