
Prim: 0.18535304069519043
Kruskal: 0.11502456665039062