
Prim: 0.12612652778625488
Kruskal: 0.07579207420349121
Kruskal naive: 0.7844758033752441