
Prim: 1.9550175666809082
Kruskal: 1.5922462940216064