
Prim: 0.06873512268066406
Kruskal: 0.03545641899108887