
Prim: 1.0063536167144775
Kruskal: 0.6197249889373779