
Prim: 10.380934715270996
Kruskal: 4.738836288452148
Kruskal naive: 1223.9687807559967