
Prim: 2.2960903644561768
Kruskal: 1.7762150764465332
Kruskal naive: 2290.4305901527405