
Prim: 0.1244959831237793
Kruskal: 0.09082341194152832