
Prim: 10.662056684494019
Kruskal: 6.182647228240967
Kruskal naive: 1965.855976343155