
Prim: 0.16298270225524902
Kruskal: 0.058472394943237305
Kruskal naive: 0.719663143157959