
Prim: 0.0052335262298583984
Kruskal: 0.003975629806518555