
Prim: 0.006169795989990234
Kruskal: 0.0044400691986083984