
Prim: 0.3256363868713379
Kruskal: 0.23189306259155273