
Prim: 11.997616529464722
Kruskal: 9.917108058929443