
Prim: 0.8958063125610352
Kruskal: 0.48117518424987793