
Prim: 5.903058290481567
Kruskal: 4.341595649719238
Kruskal naive: 307.416544675827