
Prim: 0.5307879447937012
Kruskal: 0.389359712600708