
Prim: 0.05295729637145996
Kruskal: 0.031410932540893555
Kruskal naive: 0.22220277786254883