
Prim: 0.9129314422607422
Kruskal: 0.7242870330810547