
Prim: 0.7435331344604492
Kruskal: 1.44179368019104