
Prim: 0.03048086166381836
Kruskal: 0.01089334487915039