
Prim: 9.508164644241333
Kruskal: 8.084899425506592