
Prim: 0.0028357505798339844
Kruskal: 0.0016608238220214844
Kruskal naive: 0.0019652843475341797