
Prim: 0.005745410919189453
Kruskal: 0.0058863162994384766