
Prim: 0.017807722091674805
Kruskal: 0.0047533512115478516