
Prim: 0.06099247932434082
Kruskal: 0.04021048545837402