
Prim: 0.16793513298034668
Kruskal: 0.26007080078125