
Prim: 0.004791975021362305
Kruskal: 0.0016307830810546875
Kruskal naive: 0.002390623092651367