
Prim: 4.989749193191528
Kruskal: 3.561333179473877
Kruskal naive: 9190.546425104141