
Prim: 0.0034444332122802734
Kruskal: 0.0019745826721191406