
Prim: 10.954828262329102
Kruskal: 5.054121017456055