
Prim: 0.002708911895751953
Kruskal: 0.0018498897552490234