
Prim: 3.306051254272461
Kruskal: 2.076618194580078