
Prim: 0.05190753936767578
Kruskal: 0.03766059875488281