
Prim: 0.0004353523254394531
Kruskal: 0.00031948089599609375
Kruskal naive: 0.0007557868957519531