
Prim: 0.002424001693725586
Kruskal: 0.002021312713623047
Kruskal naive: 0.0034952163696289062