
Prim: 0.15341925621032715
Kruskal: 0.09563779830932617