
Prim: 0.8560912609100342
Kruskal: 0.5801184177398682