
Prim: 0.04401445388793945
Kruskal: 0.0363922119140625