
Prim: 0.34685230255126953
Kruskal: 0.13821005821228027
Kruskal naive: 3.309769868850708