
Prim: 0.0003886222839355469
Kruskal: 0.0005548000335693359
Kruskal naive: 0.0005228519439697266