
Prim: 14.134856462478638
Kruskal: 6.116602420806885
Kruskal naive: 1939.4870853424072