
Prim: 0.0005507469177246094
Kruskal: 0.0005919933319091797