
Prim: 0.022417306900024414
Kruskal: 0.00943899154663086
Kruskal naive: 0.03608226776123047