
Prim: 0.0010716915130615234
Kruskal: 0.0028443336486816406
Kruskal naive: 0.0019428730010986328