
Prim: 0.16298270225524902
Kruskal: 0.058472394943237305