
Prim: 0.06171751022338867
Kruskal: 0.03817605972290039