
Prim: 2.3763840198516846
Kruskal: 2.158561944961548
Kruskal naive: 2528.42294383049