
Prim: 11.273622512817383
Kruskal: 8.212369918823242