
Prim: 0.0002970695495605469
Kruskal: 0.0001983642578125
Kruskal naive: 0.0008301734924316406