
Prim: 0.3797588348388672
Kruskal: 0.12621068954467773
Kruskal naive: 2.883613109588623