
Prim: 11.906253099441528
Kruskal: 10.555024862289429