
Prim: 0.7435331344604492
Kruskal: 1.44179368019104
Kruskal naive: 12.39692234992981