
Prim: 0.0011649131774902344
Kruskal: 0.0024728775024414062