
Prim: 0.0006070137023925781
Kruskal: 0.0007069110870361328
Kruskal naive: 0.0035448074340820312