
Prim: 0.002498149871826172
Kruskal: 0.0035855770111083984