
Prim: 0.00026154518127441406
Kruskal: 0.00017118453979492188