
Prim: 0.7139630317687988
Kruskal: 1.7086288928985596