
Prim: 8.82485842704773
Kruskal: 4.554214239120483