
Prim: 0.0007154941558837891
Kruskal: 0.0008990764617919922
Kruskal naive: 0.0064809322357177734