
Prim: 0.06009030342102051
Kruskal: 0.02072429656982422