
Prim: 0.03789258003234863
Kruskal: 0.015133142471313477