
Prim: 0.09547591209411621
Kruskal: 0.03452491760253906