
Prim: 3.1769909858703613
Kruskal: 1.8707194328308105