
Prim: 0.8958063125610352
Kruskal: 0.48117518424987793
Kruskal naive: 19.17585802078247