
Prim: 0.0037457942962646484
Kruskal: 0.0007028579711914062
Kruskal naive: 0.0009427070617675781