
Prim: 0.029863595962524414
Kruskal: 0.01790165901184082