
Prim: 5.292057752609253
Kruskal: 3.7934839725494385
Kruskal naive: 9219.145597696304