
Prim: 0.15872883796691895
Kruskal: 0.06042742729187012
Kruskal naive: 0.7315366268157959