
Prim: 0.0070192813873291016
Kruskal: 0.007052183151245117