
Prim: 0.060590505599975586
Kruskal: 0.02239537239074707