
Prim: 0.00022864341735839844
Kruskal: 0.00017452239990234375