
Prim: 4.93174147605896
Kruskal: 3.727991819381714
Kruskal naive: 9260.923259973526