
Prim: 0.05632138252258301
Kruskal: 0.03927302360534668