
Prim: 0.9411876201629639
Kruskal: 0.7397816181182861