
Prim: 12.113432884216309
Kruskal: 4.694382190704346